525    310
515    301
556    306
526    298
625    300
559    302
581    298
651    305
674    290
529    376
638    301
876    295
551    857
1140    303
382    310
1162    316
370    300
1303    295
414    286
414    313
1502    321
1717    292
567    1462
922    292
409    288
400    292
1884    300
421    295
1980    303
622    1683
428    1119
420    282
2455    273
497    615
433    280
588    2240
1693    310
372    286
376    293
394    312
560    2485
406    296
570    2767
520    2751
439    277
407    294
376    305
407    293
373    303
389    1829
2748    285
513    3479
915    3189
415    321
414    3091
461    338
429    311
4157    312
420    296
379    2160
431    316
2043    394
423    344
497    320
552    325
395    1668
389    303
1086    314
3695    1702
741    328
1351    2557
459    312
391    2466
3093    2904
2826    306
527    332
482    311
563    314
569    350
385    3134
409    3974
2765    3924
4168    304
412    323
568    350
879    321
416    299
5930    1203
422    298
3652    294
2219    5098
442    331
542    1758
468    4799
444    347
448    5974
651    7220
548    327
445    341
7238    751
437    290
420    532
3013    378
435    307
4025    329
5180    3153
546    362
415    366
468    299
2618    3022
503    308
427    343
547    333
464    352
8689    309
575    327
3587    393
484    379
394    7421
440    575
466    403
2966    469
4305    3372
438    303
449    308
491    323
824    3142
452    3184
557    300
700    9298
435    309
470    296
533    337
405    306
414    378
477    6389
433    377
605    329
438    325
440    4080
956    324
598    336
566    2034
10671    319
539    1003
4044    315
726    328
447    326
3393    2819
510    10846
524    3587
11024    310
412    322
537    308
577    336
579    10989
569    331
433    2283
571    305
454    326
492    334
670    293
430    304
410    329
407    310
748    316
1737    360
463    8353
11898    293
568    336
417    319
460    317
542    11954
595    2412
490    336
4578    8177
2753    343
510    301
455    681
424    298
438    331
5138    3347
406    512
468    346
513    314
439    299
422    337
445    388
390    12074
443    319
404    302
442    1109
5258    298
469    2333
571    312
404    302
462    350
528    290
520    585
452    3227
5378    308
451    290
403    296
2648    321
5552    306
389    334
527    296
418    330
788    318
1163    332
428    4273
406    297
2092    3049
8073    382
3628    301
1851    300
439    6350
444    290
471    325
591    4551
8182    6359
500    2859
403    313
410    2393
394    401
2134    343
522    352
483    344
765    8015
411    330
421    313
509    351
474    911
404    303
520    334
421    309
2788    304
501    307
565    311
431    333
561    331
558    297
407    322
6774    323
2217    299
3921    320
1901    8161
477    450
432    308
428    3355
450    357
2221    314
9749    4699
462    4146
5974    311
382    300
6327    11665
457    5600
422    341
446    274
477    309
470    322
2052    387
458    348
416    330
513    345
434    315
2396    299
7099    300
443    313
431    289
470    314
418    329
530    1668
3701    302
13760    309
397    286
711    318
524    312
502    2175
701    309
10290    9253
706    326
2899    3177
4953    14929
415    4838
575    325
444    303
453    295
8116    10368
551    3065
415    312
512    313
408    883
456    326
2464    5183
613    313
2069    1653
504    324
474    302
440    523
13100    314
422    3761
680    329
2907    327
418    331
400    409
559    309
2057    323
395    9453
13703    320
586    302
463    3553
3997    13448
520    291
441    297
490    279
426    311
570    1280
719    295
909    301
423    324
511    361
410    324
435    4796
471    2230
451    9105
422    294
434    306
549    7710
3639    322
421    308
435    307
562    312
737    290
3468    290
453    319
3127    6684
432    1929
554    297
431    323
1738    334
520    324
435    9058
520    299
548    1249
387    309
457    321
4720    4320
451    7074
529    302
392    332
608    362
417    304
382    333
5705    336
7152    5705
4814    298
428    326
438    1182
1227    332
5945    300
424    373
668    311
550    291
558    321
5897    315
11810    288
8820    1074
417    299
519    301
406    319
10369    286
488    5193
399    317
457    295
456    5680
850    295
394    825
451    324
420    293
494    325
1350    360
934    349
10864    283
564    320
504    4452
2449    315
544    318
484    1372
1493    13377
581    1743
561    333
12963    9214
458    317
510    282
5529    9850
1373    806
484    299
487    6602
445    318
4632    323
478    315
489    317
401    6129
456    1213
496    338
1448    331
5463    3129
5346    12588
10988    312
456    322
420    347
432    313
428    356
831    288
402    291
458    310
397    5305
5823    299
823    9580
541    304
367    296
4037    7734
1907    8569
537    305
8330    6865
613    7283
424    293
426    324
588    349
541    312
701    303
417    1237
372    297
1316    299
522    342
393    9297
1407    6462
6467    304
416    952
934    6306
416    5030
401    400
551    348
471    313
394    9131
526    6973
434    281
408    357
371    399
413    303
1487    288
528    3875
512    331
408    285
425    316
1901    1711
482    4991
529    300
3651    351
7464    4696
4007    284
4951    6026
509    286
522    309
385    345
1751    308
415    336
449    302
441    781
461    4956
713    331
5618    274
502    313
457    1809
494    278
1824    351
4573    307
520    4860
2820    299
495    319
1999    4333
2136    310
423    7562
4042    315
418    10697
523    1846
2594    316
649    294
411    8370
398    318
1809    310
400    317
505    325
5750    4624
401    1587
2449    292
448    5867
12941    281
1384    6336
502    398
469    6805
381    301
438    337
6770    896
486    14394
426    1998
529    298
10034    6930
3155    1997
3158    297
396    299
429    11033
498    292
2378    3508
1253    291
397    282
2888    13064
467    307
1249    1329
2058    367
2659    335
426    308
416    319
463    313
1658    285
435    297
569    310
543    306
420    3654
7669    277
1403    285
7482    3193
405    312
422    328
5622    282
516    1129
2724    300
494    332
439    290
457    310
2076    6359
4429    312
428    337
388    353
412    356
480    308
627    585
422    312
523    6490
382    308
548    334
5321    317
505    314
399    9009
457    287
503    288
532    267
409    311
460    312
408    7326
411    275
420    1439
476    297
462    622
434    6058
6722    309
7916    1028
683    311
811    709
9711    311
400    309
492    293
6404    1163
8427    302
663    293
456    317
502    326
4596    2861
473    291
405    411
433    4454
472    309
462    2397
457    336
547    298
452    435
412    1896
479    280
409    323
396    344
5776    285
526    508
6356    3472
525    328
10139    400
502    339
970    321
393    331
432    309
573    306
514    295
7282    297
403    507
523    331
5541    303
6384    308
414    296
558    481
401    309
419    300
424    335
466    305
739    4206
7095    326
464    10411
453    297
541    309
590    304
417    302
412    392
517    326
12568    299
6115    272
407    6872
13737    332
503    302
466    703
516    331
433    14898
482    317
8986    322
400    381
455    304
711    830
436    9035
9398    380
436    303
11703    2329
399    302
4308    321
555    298
467    636
429    342
563    289
420    310
9197    283
534    344
450    285
441    284
446    316
5177    7442
383    3632
427    308
7678    300
400    371
434    310
4863    329
525    316
439    6465
549    297
525    275
383    329
422    305
395    313
569    318
668    498
392    6490
524    296
403    3500
529    298
4274    745
820    337
729    661
412    307
428    323
445    312
410    305
8116    3772
501    320
9749    951
439    287
418    7042
468    304
4560    303
426    289
5129    307
494    293
770    296
5275    328
398    338
6085    8277
397    293
9739    297
509    303
1729    301
7313    306
447    422
7016    1898
1825    294
434    276
452    313
614    306
14011    13110
385    7901
5745    286
408    596
606    311
590    286
438    306
6983    1174
2297    301
555    5229
390    306
402    290
399    274
531    10562
2757    289
380    282
411    1851
965    304
473    311
479    291
1462    312
470    6540
656    3797
380    285
11316    281
479    289
643    460
467    6939
10127    11110
406    1625
7433    283
1604    299
467    278
783    4327
392    8316
684    14517
391    300
435    1358
402    292
4422    13183
455    7544
1523    327
422    303
412    291
365    1603
428    5426
690    8377
495    303
462    10598
392    276
442    298
488    1916
1869    316
385    320
445    286
4421    442
406    5611
434    291
486    7981
6030    307
14488    659
472    4062
483    288
399    341
428    309
372    2616
416    4582
2728    316
5345    494
411    290
428    310
391    290
2187    308
373    287
10971    5448
613    293
1312    300
1158    294
464    302
1151    282
423    305
4925    309
411    321
461    297
387    293
472    2635
3119    280
425    297
410    319
8523    6219
453    319
3244    4793
3582    290
4251    298
393    314
4323    305
372    297
394    308
397    319
4788    310
475    288
438    326
3152    295
376    309
478    315
477    2779
4529    297
417    309
484    305
459    307
12154    292
473    318
6559    295
457    292
379    1258
448    285
375    3059
3202    979
4435    309
481    299
460    296
2984    2921
5063    12217
8023    298
469    316
401    328
474    327
429    6778
2813    313
485    280
499    3728
1150    319
389    287
629    315
454    296
500    304
2425    333
904    8356
504    314
405    6799
7038    4164
556    2872
381    310
5049    324
408    294
512    299
406    7292
510    508
387    295
5283    304
502    299
478    293
403    8434
13538    302
2616    328
585    290
426    1471
495    2986
500    300
393    290
436    289
1265    284
412    323
2190    12112
10540    298
2981    288
399    298
413    3147
381    300
3463    315
1391    307
446    326
411    298
4251    287
382    2797
2780    306
8597    7640
471    2576
400    4725
4028    282
392    2942
387    3051
394    285
428    310
463    299
575    3590
367    3877
395    300
15176    2682
461    468
468    715
4652    3582
363    319
456    305
5428    6314
358    316
492    285
11596    5278
390    310
397    330
431    2560
2526    301
422    6174
445    1262
445    286
3836    313
392    290
429    300
8112    7937
5412    1648
408    318
6180    8638
594    2904
400    277
380    305
3433    449
394    307
530    294
2955    304
517    5438
416    3635
3185    294
376    299
2472    282
378    285
406    358
441    314
4814    280
2084    295
506    291
426    330
482    299
387    12843
453    2724
484    290
4204    295
417    13391
393    304
402    274
776    6325
424    12611
385    271
2747    291
2758    8043
368    312
8669    13400
1834    282
1813    312
474    296
425    308
413    1777
509    295
3408    325
387    320
3619    296
374    7684
12310    281
1665    305
456    9367
456    2755
4109    278
6505    284
4814    305
2903    1201
1745    3793
3898    289
2912    6929
12882    4605
3754    309
6938    335
9604    6229
4751    306
442    6271
2334    3105
3963    4330
422    5392
2180    10971
6736    11004
5581    319
439    9704
12230    367
412    9304
9181    11395
4378    12985
6664    7770
9036    10329
5814    5976
1958    7965
9211    3837
2950    7942
4706    8495
7088    8247
7881    3636
8814    2455
6796    7479
4806    8107
